00100100000010000000000000000000
00100100000010010000000000000000
00100100000010100000000000000001
00111100000000010001000000000001
00110100001010110000000000000100
00111100000000010001000000000001
10001100001011000000000000000000
10101101011010010000000000000000
00100001000010000000000000000100
10101101011010100000000000000000
00100001000010000000000000000100
00010001000011000000000000000111
10001101011011011111111111111000
10001101011011101111111111111100
00000001101011100111100000100000
10101101011011110000000000000000
00100001011010110000000000000100
00100001000010000000000000000001
00001000000100000000000000001011
00100100000000100000000000001010
00000000000000000000000000001100
